structure(c(2.15615266584242, 1.49948480024599, 2.19351892511841, 
2.02775849014565, 2.68828841997130, 2.14976257550225, 1.26948969961197, 
2.06648488868002, 2.93427862919275, 2.13407303971514, 1.81291856355828, 
2.26297636893463, 2.42231662518138, 1.72504503529047, 2.6325249343136, 
1.49389173489549, 2.43665649124506, 2.27379550591196, 1.45901709421095, 
1.70226970956264, 2.43074238779702, 1.54979250321092, 1.41534221026662, 
2.63618717511165, 2.47382722763859, 1.98377773782158, 2.03560150309088, 
1.67915607602542, 2.4394824141143, 2.52757550165611, 1.42393385978148, 
1.61246532493801, 3.07051986121708, 2.94167935175952, 1.66763486785692, 
1.19537704438218, 2.66672002826046, 2.98044762569872, 1.54915076426664, 
1.48089140157558, 2.82569475213332, 2.88764978889643, 2.20204892244751, 
1.61673155082580, 2.30683766371419, 2.17884685135176, 2.20168376542620, 
2.12448592496767, 2.56919507105810, 2.03457919418306, 1.81209657663881, 
2.01587897388706, 2.13834258968128, 1.28207125318455, 2.73351182466788, 
2.56996629513416, 1.64200967859687, 1.98660867381115, 2.85877720139378, 
2.20104437898828, 1.90551141705608, 1.88040523076096, 2.37990181103155, 
1.88693509418274, 2.27589334157549, 1.03436374316261, 2.32073997634823, 
2.55342879695328, 1.39086253530414, 1.60958523563131, 2.66018480771919, 
1.71771831510353, 1.38143809496375, 2.75882510720365, 2.27875537962811, 
2.06647395216481, 1.84570288530628, 2.12143106700692, 2.41532908612031, 
1.81620661664292, 1.48451899170109, 2.05726399693447, 2.46910165762057, 
2.30164182086379, 2.01163506267312, 1.80963852844948, 2.66528205292576, 
1.79526872052736, 1.47285301352961, 2.53996090259292, 2.43985839339164, 
2.56103526404430, 2.29780175499627, 1.60800813969221, 2.32327844498682, 
2.26584908431457, 1.75479707449485, 2.40071716819911, 3.01153653194395, 
1.83085129814533), .Dim = c(50L, 2L), .Dimnames = list(NULL, 
    NULL), .Tsp = c(1, 50, 1), class = c("mts", "ts"))
