structure(c(0.149851978083324, 2.23415338725939, 4.72735755822014, 
4.48289025571673, 3.29002617608378, 1.22258247342342, -0.0644840651071987, 
0.568983034272539, 2.44289725709156, 4.17206141997877, 4.48567478048268, 
2.89650223730507, 0.85118919475983, -0.642577219134288, -0.599231000623259, 
1.28102391107949, 3.08866932545156, 4.80904296220043, 4.18442461592346, 
2.16535266338256, 0.760975421401911, 1.25474794372068, 1.74846890658893, 
2.04595652941869, 3.3314888411386, 3.54937198004144, 2.16203961886045, 
0.980577255292225, 0.631098925667563, 1.29739166805869, 2.36997654216139, 
3.08538929230061, 3.05901391834383, 2.90528162320298, 2.7831689047816, 
1.89675693073481, 1.44157577762763, 1.05339023009984, 1.01587386022662, 
1.59721096113050, 2.87184942735956, 3.36558716730576, 2.25462922255082, 
0.782923622432755, 0.437358009812498, 1.13839986015501, 2.79447274194039, 
4.60671421623235, 4.42237126237258, 2.15040528196012, 0.626881047738596, 
-0.184084307904219, 0.890279928490107, 2.61001970096516, 3.90694050022468, 
3.22373513058049, 2.16185136451636, 0.303369120080346, -0.101667461673376, 
1.16344332995648, 4.30376576478188, 3.50811333740288, 0.532811387500421, 
0.492443600715682, 2.99217008781811, 3.7058993619479, 1.34328291885866, 
0.352808637434237, 2.98717180303092, 4.40263668442232, 1.16785688320494, 
-0.066394348258986, 2.46980149830447, 3.80960365328235, 1.97101136312522, 
0.232404198093116, 2.21632930875329, 4.03663391513681, 1.89525033196181, 
0.312476974521292, 2.15134547824068, 4.22382664799642, 2.07946937591325, 
0.165357665912536, 2.35441412194556, 4.06519796189554, 1.78051281735086, 
-0.0548581676843906, 2.16811066619342, 4.29493346115255, 2.01844451059149, 
-0.158125420541479, 1.88572843588235, 4.32428348778027, 2.86433564641571, 
0.304907731799542, 0.767158439999785, 3.94496061913533, 3.98883569209474, 
0.674603648119911), .Tsp = c(1, 100, 1), class = "ts")
